id,pos_comm,neg_comm,neutral_comm,total_comments
Koxzz7LDmEE,147,67,186,400
9yqdwbJZtSc,58,6,36,100
lwOQbMcXtfU,45,38,117,200
7Lyo5dCig-U,68,30,102,200
k9bYO7uSnrg,8,8,8,24
7YAAyUFL1GQ,297,73,330,700
cWfTBkTJOH8,86,8,104,198
fcubmjoGH7I,261,47,192,500
eKjiJYkvKwQ,123,26,151,300
JsTptu56GM8,112,38,50,200
giIP0XdT7SA,97,40,63,200
ioFUoNlWR1o,33,26,70,129
5hphhsrctwY,73,35,92,200
3E_fT0aTsjI,226,85,189,500
vgDiV94Hz1I,144,27,229,400
a9Zi-RhcOGs,60,8,32,100
FpZ1sIjQrf4,219,31,250,500
Mq9dxmh6JiE,92,36,72,200
wBjAmThxDpA,2,0,0,2
ktmcO3lVuPc,32,53,21,106
UpONjs5kLPc,0,4,40,44
QB5JOnDYeHY,186,64,250,500
Z4QcwsEbKyo,219,157,124,500
OZ5kXgYW5cE,82,28,90,200
9dobJDxPEzM,189,38,173,400
_MEFyG-IE_I,213,101,86,400
aw28GKtWxBw,181,84,235,500
a9ITIaKzG3A,80,34,86,200
FNh2ZsQkNus,252,62,186,500
bAMinWdgUCg,200,14,86,300
iXexmZm3_j8,83,24,93,200
p7sooI96zPI,0,0,2,2
eLdqkQWUVFI,56,42,202,300
Lf3ER5Ope_s,74,34,90,198
CzJPjtyEZjE,51,4,32,87
o97_jDomyqc,247,46,207,500
kxqeW4v350M,46,18,36,100
s7eVr-OUYkQ,26,0,18,44
PHXkhUJWTXM,63,59,36,158
J_e77K4n6Ts,60,25,115,200
ouJwpthMfkY,177,40,83,300
Cz3Coxi9D3E,129,18,101,248
cNgT8qEQJ3w,203,107,335,645
EHC6sYfF4cg,195,80,225,500
Y2GVVC_cD_E,242,65,293,600
t_LQ0f2GU88,80,19,101,200
4cfL9nTNugM,280,62,158,500
YrTKLZi6rqk,232,36,132,400
J0sg_Au8zX8,54,28,34,116
JvkLPE8efME,295,29,176,500
MMEgnbIVWXc,45,8,26,79
5eSSL8hRU_E,72,9,33,114
lokFoo_QD8c,88,11,101,200
BalEqNEEv2M,38,31,31,100
MHMdv2D7ndc,265,65,170,500
08RHSZvixec,78,48,74,200
rBKYvAdXT-k,34,2,64,100
Wv3RpLvPasE,40,8,41,89
JNzCrIcAnck,228,50,222,500
oSRXEHsORZo,206,50,244,500
3ImE5jhnOt8,232,65,203,500
4dp31MWMjeM,49,41,51,141
nIZb34JnFEw,160,45,192,397
wGQtrwey-TI,94,22,84,200
83ZrTybo2t4,205,74,121,400
4X6a3G_0HjY,243,280,277,800
hwNIzQLtHnU,163,32,105,300
ZaB6kENkGVg,196,44,60,300
LTsSGSi9mqo,162,21,217,400
LHR2gzqUp5M,100,46,154,300
L6QAx5mqFKU,103,35,62,200
o7H7xdjGnCc,61,17,22,100
JPTB93NS_8M,210,13,177,400
0PKthlZtLDo,36,33,31,100
nvAhI3ZjnjU,227,58,215,500
jXj6c7bmxII,35,16,49,100
sjlHnJvXdQs,312,125,363,800
JJc1Tqcu-8E,59,12,29,100
2caEL5ATPX4,51,9,40,100
zqE-ultsWt0,182,64,154,400
pxVO5K8jmdA,133,26,141,300
SF-psoWdSpo,187,41,172,400
00wQYmvfhn4,133,70,97,300
HpHp1Xp5oDo,121,26,53,200
tY0RWL9k1T8,18,8,12,38
Hg6L_7qLIEQ,142,78,180,400
nivfxoep6Rs,312,84,204,600
eJB1gcydsbU,34,14,52,100
DyLE5nI6bXw,14,10,9,33
w7h--c54_O8,87,20,193,300
0d6eJcWYqBc,78,7,15,100
5qkgFES0r-U,239,58,103,400
ftrFGwlYO7w,272,41,187,500
ob4tFhgAecw,1,0,3,4
h4JP6su_mio,62,17,121,200
_oO0pd8VJjY,43,13,44,100
QH0fGSqow3c,16,4,10,30
zgLtEob6X-Q,231,73,396,700
kjNU-dbG3ek,127,74,199,400
LyEY0sNQIGQ,214,42,144,400
U2CqZNd6rgM,44,2,54,100
cvk18vx-nrY,36,25,39,100
nd_EYo96lmo,247,70,283,600
2m65xSqUWaI,109,39,50,198
xMmyeKq4w8E,3,3,3,9
BY3SLVNBkeo,256,103,141,500
Z_GR_l5QtdM,190,53,148,391
krNNMFpA1wY,255,60,185,500
7uOvL5eLpeE,238,8,153,399
_ANP3HR1jsM,185,70,243,498
oD7nZouNyDA,152,17,31,200
TzyraAp3jaY,105,22,123,250
ZymSrDfLhW8,204,35,161,400
FgSSk7xLW9w,106,43,151,300
2WIzsHMcSp4,150,43,307,500
Alp_a88C8dY,75,51,74,200
ml8Dj5OSR-M,242,64,194,500
Y7tLoqNjkks,0,0,22,22
hBaiNeNZGJU,270,22,108,400
6HXaooyXjds,265,23,65,353
scIizw2asro,181,46,173,400
7Z14Rc1vR7U,0,2,1,3
Vjc459T6wX8,122,22,156,300
fQxLlq7lxVM,123,4,73,200
4Yue-q9Jdbk,228,53,219,500
qy-UZ5B38-Y,43,12,45,100
WYoWaouvXXA,97,13,90,200
uAipi4V5g34,23,6,12,41
QQP6c_xLetk,132,48,220,400
LRuLYXsl_A4,9,5,8,22
ykvX-E1nuag,102,33,65,200
2Hz4sDjXPQY,118,36,133,287
cvaVRlWltD4,44,15,141,200
HFXwHcFyU_M,0,1,2,3
SHobkpQ9GOM,228,53,119,400
xIhTtzJ-mj4,53,14,33,100
a6V-fKcW5YI,102,145,253,500
o9n3bR8VMW8,159,46,195,400
4gKhm09PKPQ,165,72,163,400
f8Ej3RVz-Bk,33,29,38,100
vsEhQOREmrE,150,36,114,300
VFODNI4DBDI,119,176,205,500
5pvkw5KkQuw,38,6,256,300
XovZ04gmQgE,54,8,38,100
1k_whpRADOE,198,69,228,495
IqLi6Pn_rVo,188,30,82,300
62cWuFjzOgs,38,22,52,112
bvuQ0ZusV8Q,148,52,200,400
mC1qPDqV6hM,181,86,231,498
CayHgjP1YNQ,106,13,81,200
ljXSjIph5ZM,207,49,144,400
CDfhFfKSohc,135,101,261,497
H8t5M9_Tvzk,191,27,182,400
KHshdXDxR3c,134,39,127,300
2Lq5pZrbpHc,163,83,154,400
1QWLyi03twg,259,167,235,661
c0FjpqLfGN8,115,64,121,300
F4ELqraXx-U,278,84,338,700
SLoQoYi3P5U,174,130,196,500
4Rg-YN7XFcM,59,0,23,82
pkWafXW55eA,65,32,40,137
3X3xtRNb20s,132,48,220,400
J_OyB0k-IVg,109,128,159,396
NJ2asQtT014,166,221,212,599
kcTdfHXdRXo,194,57,249,500
k1gVVnv_om4,50,21,90,161
YhrOkyCju9k,6,3,53,62
2eAuJIGlp9I,160,125,115,400
I0Se3ce433Q,188,132,280,600
5mgGrx8uaRQ,165,105,230,500
XBGCYqRInM8,90,31,79,200
56kiI-JKSdY,159,66,75,300
MDe4hPh7dDU,245,92,163,500
0H3MirHyX2w,104,57,139,300
9HIkG6vMk6E,270,45,185,500
lfPvOEN5vaA,209,152,239,600
-Jdc7FXupWQ,239,21,140,400
mJSViC_Sx20,206,67,227,500
UkMZJrbCRdQ,215,119,166,500
MXtDj0eGhtw,62,21,317,400
9e6WeQeBjOI,6,0,4,10
3d9i_0Ty7Cg,158,54,188,400
T2W7UocH0Hs,92,30,78,200
yJZh9NWdXrE,188,38,174,400
KCiahBMis1E,69,26,70,165
ZBo1S6YZXa0,262,47,91,400
De9hDyIN6JY,21,2,17,40
GjJC5e4VpDY,9,5,9,23
hMfIIxf8ADo,236,36,128,400
735_W3zsIw4,139,61,200,400
NTe6-26-fHg,51,8,41,100
fmIGnd98DX4,209,67,224,500
JtZo62mPEKM,188,48,262,498
cHbkEESIl7g,101,28,71,200
zrOHeEA14kQ,66,40,94,200
nJPCUTDN0ec,49,8,43,100
G_wmoWfZQAM,331,31,138,500
8QgMh02JvS8,75,36,89,200
px7dYqZPk6I,152,29,219,400
0ptNpGfMRCg,212,93,294,599
r3wQ8ISV4wc,55,10,29,94
Itd_DFAw8OE,65,21,114,200
AR4UgRJOUQY,29,21,50,100
S_9OSktlm6s,156,67,277,500
iptgKv3iApI,73,39,83,195
xHvVhhFvLtY,242,84,374,700
qR1EM-RIZNk,208,118,174,500
mWFaxs-KvMY,153,19,128,300
PInMw_UmlHQ,77,42,181,300
gDFZS0BVsBY,247,94,259,600
apskNjHtGh8,7,4,21,32
Ez95rPffd8k,61,102,37,200
brfJuyTADuQ,60,24,116,200
GSmUd7p3r34,101,14,58,173
V-_HM2bRa0E,133,11,56,200
X7WFMUq5ECE,136,109,155,400
8fH_PAi6Yf4,158,4,38,200
H1YGg8nYkv0,205,165,229,599
qtfMzdqifF0,176,88,236,500
f5F2whaRzqw,10,4,0,14
xig77hiUHig,160,39,201,400
y_v-3_sPsRM,70,25,105,200
GRDoasFyesU,223,77,100,400
yNaLblrdflU,196,108,196,500
LtJ60u7SUSw,65,28,91,184
15ugV2ASveg,151,22,227,400
wOskfnnbkdw,159,45,192,396
A778dMvbrJg,86,38,76,200
tl6w1-IlyDs,171,28,101,300
R6ja9qNmOaM,187,104,109,400
ZgCTlbQvcT8,43,17,40,100
Bo-qp-Zu0OY,12,1,9,22
MFoODeZfSD0,118,74,208,400
uV002CSNDac,141,41,218,400
5e0LMJRJFaY,153,53,94,300
s51nDk3bEOg,1,0,1,2
HUUsEgAe8x4,150,46,204,400
OZAfse9Pb4c,159,93,348,600
wOjjdttsHy4,22,4,15,41
rrZk9sSgRyQ,162,42,95,299
c3pFWJCQy5E,69,13,18,100
Oz88_p125uM,0,0,2,2
tt2k8PGm-TI,50,3,47,100
T_t-ByJoDgM,215,7,78,300
U69QBI6MK_A,1,0,1,2
lw-Xu7ZLD3w,105,61,134,300
FwT9nx8GHxE,118,128,354,600
439iY0844xI,208,54,138,400
j3MvNvV27hw,300,20,80,400
YMLLK844QII,127,20,253,400
lJj66BCiZWQ,3,0,0,3
VGBZ2YfVx1Y,193,65,241,499
jLa9wZHiqxg,1,0,0,1
jzaRIWMxz0Y,64,8,24,96
ugWImY8VMzI,269,39,123,431
MuhbA_bB418,156,89,353,598
_yt7xexSbfI,4,2,2,8
ip6YrQt-dp8,5,17,4,26
GyxgtAwn34A,235,63,202,500
ZyHipL45pwM,60,9,31,100
AOQZNHueNQQ,134,9,252,395
tf57O2T-TBM,20,6,12,38
a2B9pA8aGUc,5,2,9,16
veqMs7SQteY,40,20,40,100
pCSgWJzEvrM,55,21,24,100
a7Sf_H2cFdM,137,13,149,299
4KAfi8-2tVg,54,46,149,249
R-4a_mQQTpc,220,54,226,500
dRVWX8L-kHg,34,4,26,64
ScmJvmzDcG0,38,28,34,100
0qfgZJNCCJQ,172,23,205,400
12vfxYs6F7E,188,33,279,500
rCo4gIZu0DY,236,49,215,500
H_A0Z4S30Ds,46,9,45,100
fWfKfX9hXqc,93,15,292,400
wB5Hek7Z2b8,92,39,69,200
mkrTKyhONJ4,219,82,199,500
A-fofQ9VpPQ,44,18,37,99
MdBu21i9aEE,364,91,245,700
8bSCIUAeLis,69,53,203,325
LnxSTShwDdQ,105,86,109,300
DOz4H0jlthc,123,70,87,280
tSRg5cFIxI0,156,6,38,200
Rg_Msa0CAqk,174,98,228,500
7nh2Ra-5kY8,109,22,67,198
uKQ8iy3U1lw,165,100,135,400
00P112HXoK0,28,40,32,100
GlWaXiJVwYI,103,28,69,200
UdHopftQD3A,226,17,157,400
_SzWAfsdZXY,174,67,124,365
vQ3XgMKAgxc,117,38,145,300
G9ADVeNpypk,50,16,102,168
IFKkcaj0kAE,99,50,51,200
6O7x7-srbHI,213,32,155,400
eoArC99zm1M,58,27,115,200
VSrEIdhrXB4,103,58,139,300
KUCHBBCj77I,233,45,122,400
k1eYiq_V5cM,221,45,134,400
-SiRV2kWIxg,14,0,23,37
7pOXunRYJIw,175,41,84,300
GSxeF68FRsk,46,20,34,100
mSYEzJ7LM54,98,17,285,400
CYoRmfI0LUc,326,160,314,800
oSV39tYy3Xg,1,2,0,3
GO6qs83CHpc,144,53,203,400
xKXxJcf6_IE,88,51,61,200
96LawfHPh6s,122,27,51,200
W-97_yKHQHg,18,13,26,57
fCh5TVGaTSg,42,42,48,132
cyN6GMY78D4,187,41,172,400
KMZ2vfIoA9k,77,38,85,200
ofz2cHLkiRI,223,119,252,594
c3JbJmXInOs,110,54,136,300
4LwpGaDKmZ8,97,32,71,200
XM23h-eJ08A,106,10,284,400
cPZ3u1z8kU0,49,4,32,85
UwK-WDjdMxo,53,10,137,200
tVtsp_mASno,182,104,114,400
ZVPTxFZTQis,197,67,336,600
S_DltnHeJ-M,239,27,134,400
0R7MQwmbiQc,146,46,207,399
pU4uLAI48eY,147,31,122,300
ODssdet9XJ4,128,45,127,300
3la8bsi4P-c,115,65,120,300
ebzims_XwpM,130,23,147,300
7Ag2oDIeLvo,0,0,4,4
5jRYB3nGxmc,96,29,73,198
jY9xBAAa5fs,115,65,220,400
qi2uOOAKJjY,215,16,69,300
tp9aQXDFHbY,234,51,115,400
ql0Op1VcELw,225,59,216,500
x5Ps13AeXxQ,217,24,59,300
DdA7tUIzA5Q,377,26,197,600
wGwsgf5CdxU,173,89,38,300
dSdSYmXCPXU,75,22,76,173
QWtGGoHT4H8,2,0,3,5
bvim4rsNHkQ,356,73,270,699
bd7IGZ6dulM,79,50,271,400
L9IDqn-qt98,6,9,196,211
VPo2k2z7Xqg,159,30,111,300
nOQh4NXZ2wo,198,2,200,400
OLTXWUWcwOo,298,40,160,498
uy1FAz6zrQE,90,64,146,300
2VXWgIOPgmw,91,68,141,300
ZT1JsE_YbFs,186,25,289,500
2zISrf-7V3U,294,58,148,500
q3br7KKr67o,172,13,115,300
eVIezLcwc7s,129,24,147,300
yiblDn4JGfQ,139,12,49,200
jKInAMNrXRA,136,38,126,300
9W0WPPpCFaM,37,18,45,100
6IlVWeI_0yo,47,3,44,94
4YX_1wql-Xw,194,104,202,500
9mAcJRFfAL0,186,74,140,400
ZW4jOlyj-sM,221,66,113,400
8vb8E7QTSCU,16,11,27,54
7-z55AKa07U,62,21,117,200
7e4vFMJmBIc,125,82,93,300
Kz-3PgnD1vM,162,36,202,400
ZcsE0kjqvAQ,8,2,11,21
v90yrcg6q9I,219,98,183,500
VcMuDnnaBvw,148,140,212,500
dX72axAvIGc,96,49,155,300
_6Qbslgpw8U,110,58,132,300
dpMFGr-wznc,247,98,155,500
Zy6vBxqlapw,53,7,40,100
L3O6LocRoTo,102,44,54,200
ZaZ_GkB_d34,38,20,58,116
vSDCb3bdFlw,22,28,36,86
D59v74k5flU,153,40,207,400
pe3KSYqPIgo,66,34,100,200
AQa9pEkQ_0Y,313,30,157,500
xch78xg1DVc,21,20,49,90
GuEQtn2nm9A,127,70,103,300
xmhRIEqbKIY,99,62,139,300
65fZOBR0pmM,204,59,237,500
IxI1iOi0t-c,40,13,47,100
WYYvHb03Eog,282,148,370,800
H9KaqCBEvvg,15,6,24,45
RxIh_0q524c,220,26,154,400
SNGWh_-R1VE,119,71,110,300
3sdwibrYkUU,1,0,5,6
3GOjf9ZGnIQ,28,11,31,70
PGfSaVDymjk,28,19,53,100
zuUQDdWNAPc,86,13,101,200
e21VLQGCJTg,176,9,215,400
1u5jO57eD-U,224,89,287,600
SNCeopgkSAU,202,120,276,598
WCYHrvLTaqg,229,27,102,358
PHpMh4E4KKQ,115,14,36,165
v_TJKwJwN0E,49,25,26,100
uBGECC5U09Q,80,100,120,300
HpxsQ1_UAec,0,9,33,42
UO0hIASuAqY,128,79,193,400
uZ8L6qLeC74,146,15,39,200
_SRNenu07Lw,4,3,8,15
zKriLekFPwg,399,46,255,700
ALae1tWyTS8,12,4,13,29
A8QQBRIqZmw,260,152,188,600
AoQMHzkj2x0,56,15,29,100
3iYOBuyS97A,4,4,4,12
U1bpztJkdzk,60,11,129,200
Wp21hAL1mOU,87,37,176,300
zAXn-v9RdXo,5,2,2,9
4xbFVdoRzLQ,102,85,113,300
7Gw-lN270qs,34,14,20,68
oqmSuPJfvJo,217,69,214,500
YaTxVflKDQw,134,124,142,400
c7ymY8QEB2g,131,17,52,200
0Rb2rr1vWpI,58,21,120,199
4WNHB8vROg4,46,24,30,100
kFx0h3YDXz0,93,28,79,200
9y62mZn0LXQ,134,68,297,499
aiXo6WyhCJs,197,69,134,400
qbRKHpE-30Y,47,60,93,200
CEcrgOuBiUM,107,38,55,200
YjS-QrzTJz8,40,4,34,78
i915IbJ5l_I,84,33,83,200
mTnRc4pVu4w,38,12,50,100
gs9AV6BKh74,152,45,203,400
1L7JFN7tQLs,323,132,245,700
Gv69uNr3Tf4,268,55,177,500
DGIZXFa3Zkw,84,41,121,246
UVwLjEK0jio,14,7,18,39
iwGP_FeheLM,91,27,182,300
5kZi3J2S52E,91,24,85,200
LnuUkfwqz3c,18,19,23,60
UApJ0enDJTs,78,5,17,100
-PQBaYuvujw,25,41,34,100
t4or1t4iHK0,211,86,203,500
p1WJ01Ij9AQ,79,30,91,200
nJSrCX1U1hg,111,58,131,300
uHCW6nfbosQ,226,20,154,400
htAqXYmFKgo,215,67,218,500
_HTXMhKWqnA,162,77,161,400
cfSIC8jwbQs,118,43,139,300
9EBgaxFfDA0,111,65,124,300
_NlKTMvnjIc,59,38,103,200
XQVwoImSnds,62,30,29,121
PKv4LdN_JYs,169,190,141,500
AEaKrq3SpW8,128,38,134,300
4v38ugGj3u0,10,6,15,31
WWexI9YiLSc,90,35,175,300
8F_eHiMYQjg,8,0,5,13
ZtXkNMbjOEE,226,29,246,501
qiUKuZQRsWo,86,51,163,300
uA4STm4hx7Q,245,65,190,500
8ZRCdfaAIy0,251,79,170,500
tbDr_zAcM5g,0,0,2,2
ruRvc4huFkE,158,25,217,400
gmXuUgB7T3Y,127,26,47,200
OudFElslbh4,98,11,91,200
5fsEPf_Uuao,139,31,330,500
LTnl36-0-zU,85,35,80,200
2UMfEfUR7wM,158,53,114,325
9zX2BQFZ_BI,39,12,49,100
WAwRqecvMSY,51,50,99,200
gzh6tcMsyoQ,299,33,102,434
B7YaMkCl3XA,122,54,123,299
ZQK1F0wz6z4,283,82,334,699
evvVtqmvE5w,169,81,250,500
6x62O8A8qHw,168,52,180,400
khRWGSllNKw,95,52,153,300
nnTcCS07DKQ,167,160,173,500
hg5yXLhl3CQ,6,0,8,14
XpVt6Z1Gjjo,250,159,391,800
8ropWor8aAM,70,8,22,100
oDIDZ9EmQfA,93,27,180,300
bUUt0v4ziG4,61,90,72,223
gLj21uNEzqA,155,13,132,300
OWRufUWhSwM,69,26,51,146
TPnuT2TLvLQ,108,5,123,236
fBTBc2OA9fw,41,10,49,100
88IdVnUESJw,182,84,134,400
jzr49a04olU,1,0,0,1
jizvSedEDDI,103,21,76,200
unIkqhB2nA0,191,168,241,600
kCKTmL5Hn-M,55,30,115,200
klSWPvDCYoI,82,19,99,200
8ndhidEmUbI,273,214,212,699
fSkTpKa5gbo,139,60,101,300
XvPWUkHjWG0,223,60,217,500
iKzRIweSBLA,342,51,207,600
C-V1uXeyGmg,208,39,153,400
mOrdWbqp85E,196,23,178,397
cxLQAuQsOWI,280,37,283,600
ZcTvrxwP6Is,213,165,120,498
04UjShXZbD0,78,31,91,200
07v6qA2l3n4,137,10,53,200
WoPtuVbaSKQ,81,15,104,200
8rlfu6UX5D0,208,72,220,500
jII6DYV_yPQ,3,0,22,25
GdoNKbGQs9U,91,7,93,191
_StIv9i6as4,154,15,131,300
AYrTkoRr6hk,111,38,55,204
LP4qYyTPyl4,218,51,131,400
KPqtlI3aJIE,223,29,148,400
zPGRU49esCU,113,26,61,200
6L-nhETPAfY,173,46,181,400
jYnoFIgUwqY,137,40,123,300
RIGgn1s3AvI,197,36,167,400
TNhyrPaGFYQ,75,49,276,400
d8U5funnyA8,221,106,273,600
CuXq1hOa8_Y,147,122,231,500
4AsSp0AhlBc,24,14,25,63
-tCu0tKrzhc,55,15,30,100
q9o_VjdugHw,11,8,5,24
ceLV1v3mV4E,110,25,65,200
wIml3h1rHVc,128,72,200,400
zcqZHYo7ONs,358,137,205,700
VSRz1ReNg3Y,18,5,4,27
KEBDxhqhzF0,266,77,157,500
AZTGeQ5msaU,59,17,32,108
BqL9T0_ClUg,191,111,198,500
CGN6QXv7sfs,167,105,227,499
FlwK54Qun3Q,191,0,78,269
o4os5TXo6Vk,263,28,109,400
mrTHfBCduRA,119,76,105,300
MBdVXkSdhwU,116,32,252,400
pRnbzkMsgmM,28,32,40,100
r1f8hd4yh0c,65,21,113,199
E-NxvaVWjBM,15,4,6,25
_GC5AVsf528,98,22,80,200
eHV5gHeVgH0,33,18,28,79
qJJHhVf3_ZM,33,33,34,100
Iq13mG9l6o0,90,80,128,298
l864IBj7cgw,128,87,185,400
bY8-TUD3_Zo,90,82,128,300
09xOyqOO1Eg,93,38,69,200
vd7LCYVH1vc,6,4,2,12
bnON1y-fKag,42,20,38,100
-cjfTG8DbwA,197,101,102,400
iL_-GwbEP4g,171,35,92,298
hNsUtZmWgdg,134,100,210,444
5z3vPi7YhSA,7,9,12,28
DZHAB3PGlfU,195,91,159,445
t2oVUxTV4WA,129,48,123,300
mceaM2_zQd8,101,67,132,300
Xf4IYI9Gj7Y,129,18,53,200
7TVLt0sbBO0,65,6,19,90
eImtYyuQCZ8,89,51,60,200
Q3Rq-irFn1w,159,45,96,300
zV0dpCG-8go,229,112,159,500
40M4DF8aIYs,137,10,53,200
_o8vb1BA_c0,70,15,115,200
RsCsBqIlnHw,338,33,129,500
EVp4-qjWVJE,73,37,90,200
qznElIkZ1hc,117,62,121,300
H4_o4thCQpY,31,20,49,100
XIUGqfTkaWk,227,40,133,400
3TDk34hnSXc,165,63,172,400
x9VBzdkHMBU,176,67,157,400
b0O5JtyNqek,170,17,113,300
Q1eQw4ycgQM,62,14,67,143
TV2HTSV3w40,208,69,223,500
PD7OWHNAUqY,48,25,27,100
REyxoxScrbU,100,21,79,200
eUhGww8WyIo,49,19,32,100
ktl2mLsSq4o,75,27,98,200
PJsJ96yyVk8,237,68,95,400
H3YE_oGD05M,287,34,75,396
PbW14E2eHJ0,202,37,261,500
9YyB6sQ4iwA,114,49,137,300
eRDxDEhEgNY,98,33,69,200
Jc2x5aHCs6g,188,20,92,300
DHYRxML2SpA,70,29,201,300
ON3x2wWZLHk,41,17,42,100
amds5iNvFD4,91,21,88,200
xzPRACH6YwE,42,20,38,100
mUDQvKtkMwE,198,67,134,399
xtpM8cBES3k,101,16,83,200
unByRjDRA34,134,6,60,200
lUFpahcEOX8,174,114,107,395
DyTlOIa6RLo,112,122,166,400
pAsN4lSa7O0,116,24,60,200
CzYM4ZpSDJg,211,128,261,600
_38JDGnr0vA,284,36,180,500
DvbYf4eyGFI,97,20,83,200
-1fzGnFwz9M,53,17,30,100
DUFBEamEF0Q,76,47,77,200
UuOAs0IiEI0,256,76,168,500
8-M7WA1qX1g,138,94,168,400
cviyIIvBlto,4,1,0,5
xffuHHjO_Us,241,19,140,400
VRX84VjIQVw,21,4,9,34
Ie50Nw9NkOk,32,30,38,100
_Eb9kppyRxc,261,71,168,500
UCrBICYM0yM,200,99,201,500
25Qq8k7V83g,14,7,21,42
GDIOfv643TM,88,60,248,396
B9SptdjpJBQ,138,60,202,400
R42GHW6RY20,27,8,30,65
W7DErx-Yg9g,292,11,97,400
K7pQsR8WFSo,94,34,72,200
F5Ma-1A-NS0,146,218,136,500
9QZb-659ZfY,123,4,73,200
q8b5mciIDnA,91,52,76,219
5F_utV45MT0,33,32,35,100
vp_Dbt3FPDs,182,6,112,300
TpwChyyyy4s,58,10,132,200
P00HMxdsVZI,80,22,98,200
FSOxXsYVJMQ,146,26,328,500
UqmxHwLI9yg,263,65,172,500
ekaeJN9Sgu0,128,55,117,300
iIYXR4axaJY,334,67,199,600
R3dQpGJQI18,158,24,118,300
w8fAellnPns,151,115,234,500
t4QwhVt5Zk0,310,75,215,600
TO5cYWd12lQ,228,29,143,400
oePt4JgdyZo,76,44,80,200
bp6uJJJMaLs,103,38,59,200
pyb7UqbdYTs,180,35,184,399
RlduVwzqK2o,266,15,119,400
iV9PEBuPwSU,3,0,3,6
o3_byIkXF7Q,34,16,25,75
SjZWJoNYpHI,121,55,121,297
FBdyMBRcxeo,104,36,260,400
i2kJUYeb1Kw,149,32,219,400
LDXr12ToYuM,251,44,105,400
K5-f1Bnltu8,103,46,151,300
j9giQP9SX-U,190,41,69,300
3x-sUsazQ90,122,20,58,200
8I8G5XQI9_w,133,12,55,200
ICqTZeiimpk,72,43,85,200
GpAuCG6iUcA,38,54,108,200
EgUXkpAyqps,16,0,5,21
LVPIM06bMJo,243,31,126,400
QBGaO89cBMI,200,62,238,500
z68frP9Q7XA,70,18,112,200
JU21shbaVBo,220,116,164,500
Sg3DfyDkln0,15,11,80,106
XfiXby489Rk,66,5,26,97
ONt_ajHfSiw,98,88,214,400
Q2Ku7ELCBag,123,24,153,300
LXAU1VqbYbo,174,58,168,400
0AaApxaD170,177,39,184,400
b-znn2eQL08,243,14,143,400
IMG0u0_cKNc,57,36,107,200
Lv3Uy2rjgCE,337,67,190,594
Bn7ZtoFTm2Y,136,20,44,200
NSFXDaMFUN4,58,55,173,286
DGlYMJRwevI,31,13,56,100
xnSew-tCuPo,211,19,70,300
2rki0cQ5V2U,134,56,142,332
0pwttmAYCTw,185,29,186,400
NoxKH_v8b-8,54,40,106,200
cOboLQMO4tQ,156,221,215,592
fUffrvUjwCY,179,12,109,300
lno7AN8hLvQ,210,79,111,400
JQAYFbcgf60,33,13,41,87
qQGY4NerwOg,8,0,1,9
-DGXHMOhXAw,177,95,128,400
MHzktkbjDOE,310,31,159,500
8WyDjXSLg88,200,69,131,400
VQTyRVBkeIw,90,75,135,300
O4pFdLJmG7M,55,26,119,200
6z-X4r5JkyI,271,63,166,500
zJufeAMRHy8,107,29,57,193
7esz7R9p_40,58,9,133,200
-uYWFqTPHd0,200,43,157,400
B8G8m08G_yo,160,64,276,500
S6eJbe5GyDo,72,71,57,200
YYmlI7yT9cg,96,13,191,300
ruYeBXudsds,45,27,28,100
kaMKInkV7Vs,149,77,174,400
2nFO0sMs9Zs,130,17,51,198
Ilekd7_Kodw,27,26,47,100
ei6FVbMysc4,69,6,25,100
dYstFRuPz8A,181,152,267,600
tteLMfFDCb4,50,56,94,200
vr0qNXmkUJ8,241,55,204,500
BMCLQf75ev0,15,2,8,25
zyPIdeF4NFI,174,24,102,300
A9U5wK_boYM,126,16,58,200
aZkqHx5uri4,116,18,66,200
8rhb5wTCero,247,48,105,400
jehAZhrI7oA,70,67,63,200
N4Jb3gkrGXI,78,46,76,200
ton42cZ6ZYU,36,16,48,100
BDw7rRaZ6GM,75,24,51,150
TDuE0y_4Vl0,19,6,6,31
BNJUsE7pEs4,227,77,196,500
V_U6czbDHLE,212,60,228,500
np1RFbKh5a0,171,44,85,300
kIssu4XLg00,211,64,225,500
rFFo-0v_vi4,180,20,199,399
7bdZn5MKugo,295,31,174,500
D3bj3PH7PGg,27,37,36,100
efJ1xZJDZlI,15,25,24,64
9QdaNUrq1EQ,75,51,74,200
NPptT6BsnWQ,187,60,153,400
IDvy0ybpOUI,90,48,62,200
QlRWZuKPVoo,101,24,175,300
1kHmFjHzR-s,310,32,58,400
pwHvK07tUuw,132,11,57,200
3hq2c9vdfls,0,0,4,4
6SaFJLHa-Vk,32,9,59,100
bZbI9rmpaEw,45,7,48,100
OmTb_ea1K5U,151,40,109,300
TDskW3JvTAY,13,8,79,100
dInwVhRtN4E,196,194,309,699
VCVjbrt30tY,41,14,45,100
_Pom2EYv3NM,251,15,134,400
qZVm-2nM0sA,102,15,83,200
an5vV5aw74I,159,44,97,300
B_CHjYoqPUU,88,40,72,200
S9_fwmdCyzo,4,5,2,11
E7HqW6S-g7c,243,117,240,600
QC-cMv0e3Dc,214,111,175,500
bAdqazixuRY,202,27,71,300
C7ENj3R4Z5Q,152,6,42,200
F8i8pnZmk50,176,32,192,400
TngCi2s5rmk,178,108,314,600
mGibr5Uy04w,146,46,108,300
Ybbii2XIavU,269,30,101,400
G_SjnHwxWMU,159,89,252,500
NWwBpOUkx9g,30,22,46,98
nW-aml4r7Gc,291,49,159,499
BnxkuaQxe9A,33,12,29,74
DAOrRCeCK-w,79,58,63,200
Pxojz6grwcU,53,91,56,200
bvomHFZO0mk,259,77,364,700
-Ifnaxi2LQg,280,125,295,700
j4OWNMSOwbA,8,0,11,19
8kpD3XCp49o,149,71,180,400
ZGlYvprDKNM,142,21,137,300
XlXBLvT9Vj0,38,16,46,100
D6zUj1tKxiU,3,0,0,3
MeGyZJiB-FQ,116,87,297,500
CMfo-s9izIc,40,29,31,100
JvUGfF0iYtU,134,96,170,400
hbfxFdl8B8M,201,81,118,400
JkqTeQHFoBY,48,16,28,92
RJuqdTXhDX4,195,136,169,500
WRzqSDyOSbY,211,37,252,500
TmVu7Sn7hZw,163,191,146,500
UaXgj3qG2XI,123,52,125,300
g_ekn1gjBq0,10,2,3,15
qh7QJ_jLam0,57,19,24,100
h_mpwaCJUrY,37,5,18,60
JhyTKIwar1k,119,41,140,300
xGuGjvIfof8,118,47,135,300
ccLXx4DB8ZQ,163,100,137,400
T_PuZBdT2iM,145,89,266,500
0tOUQt5fem0,13,0,0,13
vS_NlXmPB3I,269,25,106,400
6vGg-jJl30A,115,10,75,200
9VjKMTwFXMw,46,4,450,500
QpfgRpL1VVk,47,14,39,100
tku0H7YeMeA,285,19,95,399
RLmqKBRqyA8,249,65,183,497
Y5wOTID9JmY,295,72,214,581
UQBNfV9sTCE,101,28,71,200
cq50fkILrwM,283,25,64,372
BRzPaDMeRks,50,10,40,100
E6PU9IvLJM0,47,35,118,200
Zya-JNMJ62k,219,80,301,600
7Y-U9NN6-N4,92,52,256,400
aTF84_CqzxQ,90,13,51,154
n54-eEvoMpg,92,38,70,200
03jeumSTSzc,189,76,334,599
OCCKNCvNbkc,200,54,246,500
2jtDZXbN-_c,67,30,33,130
omdov-S2tSA,75,49,76,200
Eef-1HLKgoQ,114,40,145,299
5PaDeyRNUyc,230,111,159,500
5XpbCWsHWKQ,101,10,89,200
tSwWCJHHTGc,50,19,31,100
cLdxuaxaQwc,283,240,276,799
wAcD3mIjZcc,195,24,181,400
V_liC4y7alU,40,13,47,100
xR6d8V5oh0o,13,28,25,66
zWxo4uZW-1I,112,9,79,200
_n0Ps1KWVU0,42,13,45,100
GG2hY4h0mJM,74,14,47,135
ah8SQNOXgrQ,71,24,105,200
_qb4_uvYSG0,102,96,102,300
g6piCiaGMZs,55,31,114,200
0eKdNcP4xrM,364,79,257,700
oStLD-yYAy0,30,23,47,100
rGi2b25Bx0I,17,36,36,89
-CEuQhqNzz4,73,4,157,234
rZ2vh8rZd18,146,22,132,300
RtEvTmhVeQQ,75,42,83,200
q6yzrZfgQvI,257,22,221,500
gIE105f0ejg,145,73,282,500
YmnxIsRn5nw,57,9,34,100
LBLGo2y_BBU,212,73,315,600
9j9RrWgo5rE,132,145,123,400
CcoBJ-dEjGg,104,66,79,249
-6Zc8Co2H3w,198,32,170,400
zmg9tVaMVd4,208,41,151,400
FZrrfGfI3uM,173,59,168,400
1ZNZY-gd3K0,102,121,77,300
OWpSYn40eLc,174,64,261,499
dUOUo02v4XE,52,11,37,100
6gwM9v_OwUc,166,46,288,500
mlxdnyfkWKQ,230,123,347,700
o0hMhEsMUs0,86,0,14,100
30QPEkhcYeQ,90,77,133,300
lLAmL6Tz59Y,100,71,229,400
vu_9muoxT50,86,33,81,200
ckXN4Tc6-c8,220,34,146,400
H0okA2gPt_Q,174,87,139,400
fM8yID63CSA,56,20,24,100
i29zfPUHRAQ,9,3,0,12
EWeJ7OM3mo4,138,34,128,300
_dJbQayd4MQ,115,36,149,300
pCHmqeHEybg,116,45,139,300
qqNn14l7hhA,224,26,150,400
iTUsiJh9PgE,247,28,125,400
etmUU1bs41s,189,69,442,700
DKY09vZWj88,27,7,15,49
-JmNKGfFj7w,89,44,67,200
zJqk0iM96iE,161,65,174,400
h3M-3SrmDok,83,63,154,300
CsdzflTXBVQ,280,95,325,700
uAI5rSiGyNY,88,18,94,200
Uc32z-wgxU4,225,58,217,500
o5xxIciBSME,212,89,198,499
xo2B67vz4HA,35,24,41,100
E5Hfl6Nqw3Q,124,135,241,500
u6iVspBWzZU,116,56,28,200
JV1NB70gLQI,92,54,154,300
f4t5gCs8sUA,24,6,18,48
xPS7bqBePSs,194,12,94,300
OlIeFVVXRpc,61,81,58,200
A0lYm7Qsbak,301,72,227,600
-otJ1LJGzcc,23,28,49,100
YQYslaA1Lus,96,37,67,200
rn5Xgak1zzA,71,63,66,200
c1QGynzVbs4,115,78,107,300
1lOd7rDFYbc,203,17,79,299
LcZ2AuvxXNA,197,53,250,500
yFMZl_nYkbw,178,8,214,400
uoTIcwHK_aw,45,20,35,100
QQVWMp_xgGg,280,221,199,700
UejIDD3lhEA,2,0,1,3
8V3B85bfVFI,78,16,106,200
y9vsRUmPCKk,131,7,62,200
JhA1Wi9mrns,274,120,206,600
3fILUAGw2mE,206,78,216,500
DBBt7IhHOFQ,144,41,115,300
I1P7GoZcZpU,100,9,35,144
xcaeyJTx4Co,222,58,220,500
TdH_NL35Nbw,207,70,323,600
GMFnJln3IEA,23,15,7,45
FgW2kpNQ7BY,12,2,2,16
sgBGvgxuXvQ,163,37,100,300
pyZVUC5jeVw,38,32,26,96
m59HKBUi3cY,200,45,155,400
e4HRUcyMvZY,27,8,46,81
pOZ5FrTMQMA,314,16,170,500
_iBpGz54ngs,281,12,193,486
IN0PWfSZ3Fc,32,41,38,111
cOlibbx5sx0,49,17,34,100
Auu9Sxxt5is,125,103,272,500
HkoGtBEA1co,235,32,133,400
S-a8NVEUO4E,2,0,0,2
XF_ARz7jTUw,289,95,216,600
k0WRpQU9zK0,40,6,54,100
ILDy6kYU-xQ,73,20,107,200
HRNq5O2ieOs,38,10,52,100
APHgDFRpCi0,109,39,352,500
M1nSzaWFTDE,84,51,265,400
BfxOimRxXvU,0,0,2,2
PJZOghDtOCM,6,7,10,23
xQ4oE_tL7IA,154,30,216,400
ufaDurSCKOk,212,101,287,600
TImAMCQbwJo,24,14,76,114
bcouc6NW4aM,120,62,195,377
L3f7_y9UPh4,107,19,74,200
kz7-ZKcyBBE,176,48,176,400
iA86imHKCMw,137,113,150,400
qPDZZj6By3Y,59,35,106,200
uwukx6DGmW8,206,86,108,400
1z3cp_Mh8bA,165,21,158,344
HsiWOp-ImoE,251,52,197,500
VEoITVHfyGg,49,16,35,100
7KS2oJPzeZk,279,77,244,600
5DDB6YnVCoA,191,0,102,293
ciXIdvfejn4,91,15,27,133
TZRuwzX94Kw,8,4,2,14
LpZqwLZP5Vs,35,40,123,198
MdzGZv3zQ-U,109,35,56,200
O2pyRDQgVjk,48,16,36,100
nQDcDZ6rmGE,207,67,126,400
Iuc0O_Ryq18,244,15,41,300
a6y01PSb6qU,145,16,57,218
PTXykKsrxpY,51,15,34,100
C9LMDZTg17Y,54,5,41,100
uE_hF1R20rg,27,17,33,77
nBAvUSZSEf8,28,39,33,100
Zmi9iQp6944,411,55,34,500
HcNcOnIkQQU,237,11,152,400
k8LF_FU2luY,2,0,0,2
tSLjM6cZaTo,95,64,41,200
scQBjsQNgVQ,209,39,152,400
o0Ddl1DI-go,192,23,85,300
WQyiY5qC_us,168,66,66,300
EwujR1ARsog,2,0,4,6
Vh2WX2JNIFo,101,67,132,300
xEKSJLaiZa0,96,20,74,190
p-305IQw6-I,113,23,64,200
4k56sdESwHQ,189,54,257,500
F5D1x-OtGME,91,61,148,300
kEUfrSxTQ1s,30,57,39,126
gDf4RpaMFrk,63,11,25,99
tlACd8CquRk,183,28,88,299
lIY6zFL95hE,77,33,90,200
a41k9oJN0FI,201,137,162,500
X8Ijui33P6I,72,25,103,200
7qLrKUtV0Kw,108,100,116,324
qLzIaAYFhNs,14,10,24,48
e7acWkAb1dA,236,64,100,400
9CILSvf1snQ,50,4,38,92
x2btprEvdgg,35,35,30,100
-QL9dvmddYs,63,0,337,400
AyiYuBCLTjc,91,48,159,298
taKGnsqeCPs,47,8,45,100
EbthMC6spAE,256,65,179,500
rRi8LptvFZY,144,84,164,392
U1ArsQ72hRA,12,0,3,15
03IUgOd4GH4,131,55,214,400
F1DxLQbx_bU,121,10,61,192
xtDJ6uEyvnw,51,18,23,92
BdV0dkx2oik,58,68,74,200
zAtHxJvSczA,127,50,164,341
lBspB4K-F-c,55,9,36,100
8wNr-NQImFg,162,98,140,400
rQhynsjq_BQ,4,3,5,12
QKy1OazdMD0,51,32,58,141
z8N40PtsEw4,10,1,7,18
8ijNvyEbQ_g,49,4,8,61
5CHJbMnLPKw,142,70,88,300
DuWf6MTOAz0,20,6,27,53
1Sm8A-u1vIA,41,24,52,117
_r5eTelhpmQ,132,13,80,225
l_uNfGY3v8E,107,182,111,400
XAA8LOWEY9Y,65,42,52,159
N_zDcuX1Y54,279,50,171,500
etn4P80K5WU,99,14,85,198
JgYfZAjOgEM,119,18,63,200
I_JtJHJ4384,2,2,0,4
tOzbDh45Z7M,14,2,10,26
xsWO0dRf1p0,281,40,177,498
hQbeB0YXLhs,228,10,62,300
aLWLzUa2Qyk,221,96,183,500
dWWQsXRwHb4,164,37,199,400
IvFw9zhIYkQ,240,101,59,400
_lnPimlBnk4,25,17,58,100
aVsOXRgjeeU,154,57,189,400
uh3aU63f8U8,150,18,132,300
NFHAAtVkbpA,104,51,91,246
1Q-ZREGfxTI,145,80,175,400
B2B0GMtowmU,2,0,281,283
_5ZrSKpbdSg,179,64,156,399
BNRUV3TuExQ,3,0,0,3
5Wiio4KoGe8,225,47,228,500
L6wODNHi4qE,4,0,25,29
vGwdgL-x78w,20,11,17,48
z5eG8fD-hQw,202,232,164,598
5ywKal6-anc,27,22,51,100
csrYDgBF2nI,32,17,51,100
vo391vKvD4s,286,13,101,400
oK4me2hI_Jo,244,55,101,400
Eat7nKj_30o,139,103,347,589
446dbFQEFJU,60,33,107,200
iwm5-I9Ay8M,76,40,84,200
q2KehxKQ3Zk,38,24,38,100
kbvS-aeEi-8,39,8,53,100
sxkP5m3RKQQ,122,77,98,297
cFVRCo6-FUU,224,82,194,500
SHq2qrFUlGY,149,43,508,700
fS5xHHqW-6E,380,25,195,600
7Hf1sDPY85A,93,74,133,300
tPiaduBZHRU,58,9,32,99
xA70bP5uzao,125,19,56,200
zTjcPeb2Gwg,148,24,128,300
bxgFjzRW6EA,282,75,143,500
-cYk6sbe11c,68,28,100,196
86eoHaPREmE,57,37,106,200
6JV_q-vrfBw,137,150,113,400
dN9hA7J79VI,53,85,62,200
y5lIKZoN1_0,16,0,15,31
xyNX4eH17uA,169,168,163,500
Rew50oYjRqA,104,17,79,200
nImFZRtGeAQ,90,42,68,200
Pp19TkIU_fw,89,30,54,173
IHi5jq2P_Zk,238,14,148,400
Z8aN5L-oDOw,184,50,166,400
s3Hk_lDw5yo,24,9,67,100
WfjZ1otkS3o,158,102,139,399
cMKX2tE5Luk,291,72,337,700
6QZiqFAeK_g,4,0,8,12
YYwB63YslbA,53,24,23,100
6Vb6Z9i5sHs,71,113,216,400
9lzPw4EOqto,39,53,107,199
87r1IvEI51c,6,8,22,36
IvQQJmWdtH8,266,15,119,400
Q07Cp6tswnQ,212,29,259,500
yIq-N7m0upU,232,64,304,600
w-n3qiLeVqg,235,197,268,700
MmAL1EOkLUo,2,0,4,6
rtk-BLeHv6M,109,49,242,400
05v4nfUmBYI,251,42,207,500
1eQXF7JbbGE,17,6,2,25
o1vV0oorclg,36,0,11,47
-C-LJUD2LWU,115,38,47,200
57-gdzXqkRc,29,6,26,61
pgCtsVdK4HA,145,108,147,400
0afzkLHTUK8,63,30,107,200
gQvHtXWlXDE,40,10,150,200
rHfyvSgvgoo,92,43,63,198
3qVHkOOyD5s,147,60,130,337
ErWde9LVg0A,283,31,86,400
OMGO51u4ou4,236,70,194,500
nft99BbsKwU,21,6,9,36
41taYOq1kVY,306,39,155,500
WY9xOHquZrg,134,40,126,300
wQD1JvJZXdI,243,91,166,500
bHT4pO0VcXI,161,55,184,400
xItHZZ3bvhY,36,33,31,100
qdWUQGHtyPk,219,99,82,400
WJfeapsCnPI,126,137,237,500
GNTtR6ZpUOo,46,5,49,100
-wQLKMUWANg,133,51,116,300
C3cwtcomilA,32,7,17,56
4WyBEMxqFaI,111,11,78,200
ELQfBOJOds0,99,37,64,200
FMVw_Ty8qTY,208,24,68,300
OFzoFhRlEnY,31,33,36,100
_cu4FHyCcT8,144,56,200,400
AX8-YzMKZhQ,57,10,33,100
X7ld45pUueQ,49,19,132,200
Ri4xPHGS5f8,51,71,77,199
MNst7laHZGg,42,31,27,100
cIsewG2g-1g,53,7,40,100
YF6dNlhXaJ0,41,18,41,100
Xqpf1FxU2q4,242,59,299,600
XwW6ZWaQ4bs,53,10,37,100
-q47sHA4eAo,91,56,153,300
hwthovxn3zM,101,11,91,203
sa3G0vBlucg,183,21,64,268
AHrCI9eSJGQ,169,8,23,200
T58NGMrUp0M,112,40,148,300
jjb77v3LX_s,54,39,207,300
8z2RgsLSn-c,62,11,27,100
XaE08gz0ogk,56,15,29,100
bgc2rSzKA3w,22,31,42,95
Vgme9O6YZI8,49,48,52,149
JJ5WP2BKigc,68,39,93,200
_zl2GV89_GM,4,0,2,6
7Cn0-CwintU,167,45,186,398
ermfn4zyosw,91,98,152,341
KUH0KQ1qMiw,158,97,145,400
K20YGjVkZRw,334,27,39,400
eM_FR7I2Ttw,106,24,70,200
YSVlSmZWzm0,133,46,121,300
u5U0q-hh5B4,41,26,33,100
mGqR9sgMIyA,5,7,13,25
_lGL4Um83LM,36,3,18,57
-s267WkYVoo,100,44,56,200
0501BTnbrxg,241,55,204,500
p_P9J97ELlg,272,36,92,400
1yYV9-KoSUM,245,30,123,398
GGm0FQ6i74U,43,23,34,100
4MkC65emkG4,275,158,267,700
ydbxmm88-As,194,16,90,300
8QKP7LXWlHk,168,45,87,300
tUPR5-igTVY,61,13,26,100
KFUIVfKTeVg,79,73,147,299
tBN9kLaS-uw,356,82,261,699
Z-LmHjkN2EU,79,131,190,400
LoMhBo8ATBM,45,81,74,200
hEdvvTF5js4,164,70,166,400
EuvVOA8uvsc,251,121,128,500
BwYPddy_5bk,176,56,66,298
L00YWl8StuI,108,38,154,300
Lv5DFKceFac,53,9,38,100
8RlChzDl1Tw,109,40,51,200
iX6ScurPhCo,83,73,43,199
SMinvx9EkPs,72,4,27,103
j9g7FpCSF5Y,40,3,42,85
Ah3V4S15Lyc,74,44,82,200
2ZfHXn4rmAc,3,1,2,6
tlTKTTt47WE,197,99,204,500
O-eWLaO3gy4,340,20,240,600
8hAdOYDoo4c,188,43,169,400
yZMt87ZdUbw,234,95,171,500
sD6RIeNP41I,133,84,83,300
Zr22PtGd1So,137,78,180,395
dt__kig8PVU,262,70,168,500
g85RGiOgUtI,159,33,108,300
hOFRbjjjwCE,110,93,197,400
ezgtjMfgxos,11,7,13,31
4NJYWgb6dQM,45,5,50,100
eERPlIdPJtI,426,32,142,600
bZJpwidiMco,106,34,60,200
j8i18Wiaq7Q,0,0,50,50
a6sywFdvURE,92,57,51,200
mYphOR0Jegw,111,23,66,200
hqHlIRZnF38,214,55,131,400
Jc8fBk_8iT0,12,5,11,28
wfZGngrCpys,147,49,304,500
fTW7EgoKpSE,12,3,28,43
QAT8fXZI0b0,248,25,127,400
FfRGxN2zeWU,289,27,184,500
0fsKoK9yLE0,260,24,179,463
BBn_fo8NprY,147,39,214,400
41dUEWlH1Ks,20,38,42,100
n4wFyyW71zs,180,18,202,400
5Xe0Qd6bUFo,292,105,302,699
rAh_16nooZA,63,9,28,100
DoQEpaQE5-g,157,38,105,300
2wxyDrfwlXQ,160,34,106,300
GbhdRYQz9-0,14,5,17,36
MtOiRhapfFE,41,15,44,100
pQiV81L3zL0,2,0,2,4
6ErzVDwcla0,16,0,18,34
LDcm6twPEJA,83,53,64,200
p25S_5P6ejg,387,38,75,500
7V1J_MDi9Lg,182,55,263,500
pV_5gjQ7lhk,183,127,290,600
XNJmeXb4Y0A,60,6,57,123
6FgoZiTT52w,104,20,276,400
RkBEEiG-wd4,120,115,165,400
IYvEhgYy35I,269,40,291,600
4F2KWDQQMhY,333,23,144,500
cpvUG_fo6lU,227,87,186,500
GVvqt-8-fz0,192,32,76,300
Ayb_2qbZHm4,269,65,266,600
ao21eJgsF1w,151,103,246,500
zHdJwBrT3WA,74,49,77,200
vpcDYc_4gV4,58,56,86,200
IUkNNDg18mY,119,55,126,300
uNseVux0CA4,213,61,222,496
WpddITk3bK8,213,73,214,500
bAon04ZJhHE,115,65,120,300
tmGMd2bqh6o,91,33,76,200
3uxsHmxQBHA,223,94,183,500
paXOkGMyG8M,284,42,174,500
FTIStPerVNw,38,24,38,100
0bcHEsmmpzU,101,43,156,300
uWFAD84I66I,258,70,172,500
ZCQuasiJgYM,143,108,149,400
noVEvsozyug,231,80,189,500
nL9bZbv2aXY,252,20,128,400
PPg1gN_ey2o,43,9,48,100
z1g7n0QZvvE,13,7,4,24
-jFgNreZPf0,228,73,199,500
ZYSjPZUqLdk,214,71,115,400
GWKI-CoCCTU,245,32,123,400
2y7rk7eHHAM,185,141,174,500
0VfGA5bE1AQ,41,9,50,100
lse3oJfPPk4,269,93,234,596
IRGEpm1AXRM,11,6,10,27
gGILiLTenR8,135,99,266,500
c8xGJju2x20,41,51,129,221
wiBhzhQu_2c,225,21,54,300
nRGz2md8l28,184,80,236,500
YKgY0zQnqcU,120,77,103,300
LGAfo5unZaw,38,9,53,100
S7rQSRGGKSQ,173,51,76,300
T-IXvsQuogs,101,26,173,300
Y12lF3cYufo,63,29,108,200
ppGCbh8ggUs,109,31,60,200
JO7X9ZPoAp8,199,167,133,499
tqUKbEfW-B8,134,79,187,400
DtsWj9XiOIY,291,29,80,400
Ap5hoCTkTUM,121,59,220,400
GIqhMKlSCgY,53,11,36,100
WvkrRBduZ84,154,9,83,246
ddJ7HLIfJdk,95,13,92,200
7wwTAo01AKs,86,114,100,300
IKaMejA5J34,120,15,65,200
0Yhaei1S5oQ,68,53,79,200
LaZQ_gj919U,52,4,8,64
_uLmn_Dba08,65,19,116,200
dvPJJUbM8IY,102,28,70,200
XSCneVakGGk,127,96,77,300
aeUyLiIlDVE,16,3,21,40
Xul7ku1XxRY,292,127,281,700
EmjMWi0MBXQ,48,12,35,95
lv5uC6cfO5c,231,128,241,600
XSLc0d5aM04,213,212,275,700
NYD9ByC0c_I,89,22,89,200
D1KpuWg2hc0,10,2,2,14
f09ne0W6MZU,146,32,122,300
EmlH7yRKmSY,111,73,216,400
k8T9SMqAqyc,294,8,98,400
xmZ1ppujkXg,102,90,108,300
mShBE_wHAk8,0,0,1,1
vWmjyYh64vg,112,23,65,200
Lwn97mpBCu8,296,106,198,600
t3oar3hIDWA,46,9,45,100
R-wJEtDpKls,23,12,26,61
oySwpCuzQ9A,89,36,75,200
RsG37JcEQNw,200,102,198,500
j9UGpBZz7WU,27,19,54,100
2DTwXdqmRiM,194,86,313,593
wmiy00-NqDk,89,21,90,200
equByOb9j5E,86,84,230,400
3yoGE3v4A8w,96,21,83,200
1NyMSWqIJDQ,180,129,291,600
aepr6ynzeX4,150,25,125,300
R_jKUDmJs1Y,128,54,317,499
NzRuDD0iYC0,69,65,66,200
mPvNt7PB6dE,12,18,30,60
l7yxJDFvTRM,137,128,235,500
WFkhq40z348,29,7,20,56
yAZwhN-WKGg,33,40,31,104
rh8b-Ibzkfg,208,25,67,300
htpR770aP2k,132,127,141,400
bF5sIEuv83k,119,12,69,200
JZDM1bLn7sM,126,14,60,200
H7ojygIbMYk,211,49,130,390
6lsPIlsbqsM,6,6,17,29
xwW0VfkFljE,109,74,117,300
OHL3J9cKNyg,16,4,9,29
1kVLpFilePw,44,11,45,100
LolP3Y7_Irs,279,43,278,600
1nEp6DcHwhs,103,39,58,200
fbokWw3b94k,144,27,229,400
HjkmacUCJw8,82,27,66,175
dtqlSPt4z20,127,70,303,500
Wb-6fhfAn2I,292,114,194,600
74zJ4scJzNs,197,209,293,699
368_ovPsJk8,241,103,352,696
O78Lpo4ctSE,217,17,166,400
Rmg5fLRBkZo,205,46,149,400
yTVysPsX5ns,22,14,64,100
Tm8LGxTLtQk,229,96,275,600
eHq6ZA6uKOg,61,47,63,171
9sjLzdix70w,72,65,63,200
EZaPeQ2dxh8,0,0,4,4
-zCYX0esYlo,125,55,120,300
zTTaFg2Sq9Y,139,88,185,412
AAZbviHZVhE,222,84,194,500
J_ub7Etch2U,236,63,201,500
rjINNeC0DFA,58,4,38,100
Hx9Juyi_uAw,16,22,21,59
FPRTN_r9IyM,73,36,62,171
HzIB6TC1Ghw,150,135,115,400
Mw5T62dJzhQ,78,27,95,200
HMT3wb4h234,138,23,39,200
81OBIsQoQIc,16,9,275,300
lSsTCiC93WI,219,129,152,500
g_PtkN3aYFo,86,38,76,200
tq7tHN9HBJU,188,36,176,400
uqoFsqOJYCg,93,132,75,300
QJVlhvyLmPw,29,2,8,39
yj7OZ602CM8,190,79,131,400
bU7u_MhVvvo,74,37,67,178
_pc1kON-doU,304,71,225,600
oKI4EAIcaLw,58,48,94,200
Ln4gDwbtKMw,6,1,5,12
